TestName,Run,Recording,Io,Analysis,AnaHb,AnaExitCode,AnaLeak,AnaClose,AnaConcurrent,AnaResource,AnaSelWithoutPartner,AnaUnlock,AnaWait,AnaMixed,FuzzingAna,FuzzingMut,Rewrite,Replay,NumberReplay
TestRouteParamsByName,0.82015,0.87976,0.00013,0.00000,0.00000,0.00000,0.00000,0.00000,0.00000,0.00000,0.00000,0.00000,0.00000,0.00000,0.00000,0.00000,0.00000,0.00000,0
