TestName,Run,Recording,Io,Analysis,AnaHb,AnaExitCode,AnaLeak,AnaClose,AnaConcurrent,AnaResource,AnaSelWithoutPartner,AnaUnlock,AnaWait,AnaMixed,FuzzingAna,FuzzingMut,Rewrite,Replay,NumberReplay
TestEscapedColon,0.67141,0.72299,0.00010,0.00001,0.00000,0.00001,0.00000,0.00000,0.00000,0.00000,0.00000,0.00000,0.00000,0.00000,0.00000,0.00000,0.00000,0.00000,0
