TestName,NoEvents,NoGoroutines,NoAtomicEvents,NoChannelEvents,NoSelectEvents,NoMutexEvents,NoWaitgroupEvents,NoCondVariablesEvents,NoOnceOperations
TestErrorUnwrap,1,1,0,0,0,0,0,0,0
