TestName,Time
Total,1.49709
