TestName,NoDeadlocksInfeasible,NoDeadlocksInfeasibleUnique,NoGuardLock,NoGuardLockUnique,ReplayDeadlockStuck,ReplayDeadlockNoStuckMutexes,NoIgnoreConcurrent,NoIgnoreConcurrentUnique,ReplayDeadlockReachedEnd,NoUnlockInOtherThread,NoUnlockInOtherThreadUnique
TestContextNegotiationWithHTML,0,0,0,0,0,0,0,0,0,0,0
