TestName,Time
Total,1.33258
