TestName,Time
Total,1.01595
