TestName,NoRuns,NoDetectedA01,NoDetectedA02,NoDetectedA03,NoDetectedA04,NoDetectedA05,NoDetectedA06,NoDetectedA07,NoDetectedA08,NoDetectedP01,NoDetectedP02,NoDetectedP03,NoDetectedP04,NoDetectedP05,NoDetectedL00,NoDetectedL01,NoDetectedL02,NoDetectedL03,NoDetectedL04,NoDetectedL05,NoDetectedL06,NoDetectedL07,NoDetectedL08,NoDetectedL09,NoDetectedL10,NoDetectedR01,NoDetectedR02,NoReplayWrittenA01,NoReplayWrittenA02,NoReplayWrittenA03,NoReplayWrittenA04,NoReplayWrittenA05,NoReplayWrittenA06,NoReplayWrittenA07,NoReplayWrittenA08,NoReplayWrittenP01,NoReplayWrittenP02,NoReplayWrittenP03,NoReplayWrittenP04,NoReplayWrittenP05,NoReplayWrittenL00,NoReplayWrittenL01,NoReplayWrittenL02,NoReplayWrittenL03,NoReplayWrittenL04,NoReplayWrittenL05,NoReplayWrittenL06,NoReplayWrittenL07,NoReplayWrittenL08,NoReplayWrittenL09,NoReplayWrittenL10,NoReplayWrittenR01,NoReplayWrittenR02,NoReplaySuccessfulA01,NoReplaySuccessfulA02,NoReplaySuccessfulA03,NoReplaySuccessfulA04,NoReplaySuccessfulA05,NoReplaySuccessfulA06,NoReplaySuccessfulA07,NoReplaySuccessfulA08,NoReplaySuccessfulP01,NoReplaySuccessfulP02,NoReplaySuccessfulP03,NoReplaySuccessfulP04,NoReplaySuccessfulP05,NoReplaySuccessfulL00,NoReplaySuccessfulL01,NoReplaySuccessfulL02,NoReplaySuccessfulL03,NoReplaySuccessfulL04,NoReplaySuccessfulL05,NoReplaySuccessfulL06,NoReplaySuccessfulL07,NoReplaySuccessfulL08,NoReplaySuccessfulL09,NoReplaySuccessfulL10,NoReplaySuccessfulR01,NoReplaySuccessfulR02,NoUnexpectedPanicA01,NoUnexpectedPanicA02,NoUnexpectedPanicA03,NoUnexpectedPanicA04,NoUnexpectedPanicA05,NoUnexpectedPanicA06,NoUnexpectedPanicA07,NoUnexpectedPanicA08,NoUnexpectedPanicP01,NoUnexpectedPanicP02,NoUnexpectedPanicP03,NoUnexpectedPanicP04,NoUnexpectedPanicP05,NoUnexpectedPanicL00,NoUnexpectedPanicL01,NoUnexpectedPanicL02,NoUnexpectedPanicL03,NoUnexpectedPanicL04,NoUnexpectedPanicL05,NoUnexpectedPanicL06,NoUnexpectedPanicL07,NoUnexpectedPanicL08,NoUnexpectedPanicL09,NoUnexpectedPanicL10,NoUnexpectedPanicR01,NoUnexpectedPanicR02
TestCaseInsensitive,1,0,0,0,0,0,0,0,0,0,0,0,0,0,0,0,0,0,0,0,0,0,0,0,0,0,0,0,0,0,0,0,0,0,0,0,0,0,0,0,0,0,0,0,0,0,0,0,0,0,0,0,0,0,0,0,0,0,0,0,0,0,0,0,0,0,0,0,0,0,0,0,0,0,0,0,0,0,0,0,0,0,0,0,0,0,0,0,0,0,0,0,0,0,0,0,0,0,0,0,0,0,0,0,0
