TestName,NumberActualBugTotal,NoLeaksTotal,NoLeaksWithRewriteTotal,NoLeaksResolvedViaReplayTotal,NoPanicsTotal,NoPanicsVerifiedViaReplayTotal,NoUnexpectedPanicsInReplayTotal,NoProbInRecordingTotal,NumberActualBugUnique,NoLeaksUnique,NoLeaksWithRewriteUnique,NoLeaksResolvedViaReplayUnique,NoPanicsUnique,NoPanicsVerifiedViaReplayUnique,NoUnexpectedPanicsInReplayUnique
TestRouteNotOK,0,0,0,0,0,0,0,0,0,0,0,0,0,0,0
