TestName,Time
Total,2.26293
